{
  "rows": 303,
  "features": 13,
  "accuracy": 0.8688524590163934,
  "roc_auc": 0.9512987012987013
}